1
1
2
2
5
5
5
6
6
8
8
8
11
11
11
12
12
12
12
12
13
13
14
14
14
14
14
14
14
14
16
16
16
16
16
16
17
17
25
32
55
74
107
184
237
403
519
594
782
1147
1586
2219
2978
3212
4679
6512
9169
13663
20030
26025
34832
46052
56629
68663
86556
105196
124793
143724
165733
192101
217920
248309
280306
313304
341489
371675
403073
435089
469738
503274
532632
559591
585382
613973
643981
675504
708310
736161
761842
790264
816302
845599
879030
912596
944397
971497
994670
1019344
1047189
1076694
1110914
1138916
1163418
1186820
1211383
1236530
1264321
1291203
1316172
1335028
1354477
1377233
1398200
1425513
1450808
1474826
1492945
1514960
1535992
1559501
1585166
1608604
1629802
1649916
1668235
1687761
1706351
1729299
1753651
1777495
1796670
1814034
1835408
1855386
1877125
1902294
1924132
1941920
1959448
1977820
1998646
2021853
2046724
2071989
2091366
2111291
2135088
2160997
2189189
2220514
2252770
2278879
2309366
2345163
2379622
2420178
2465501
2507859
2547213
2587902
2634076
2685400
2740521
2793083
2838831
2888814
2933464
2993626
3052808
3116085
3183803
3243969
3302870
3362351
3429328
3496956
3574334
3646355
3709118
3770410
3832417
3896862
3968185
4037275
4110392
4176874
4231723
4288316
4354137
4425464
4493284
4560437
4618344
4665677
4710524
4768000
4821657
4881308
4939655
4995355
5041480
5091246
5138159
5195170
5247164
5311760
5359187
5400601
5436540
5481903
5529243
5573327
5621550
5665965
5700393
5738250
5776482
5821575
5867456
5913667
5959695
5995057
6029571
6072105
6112688
6156594
6206707
6250801
6281949
6306013
6332750
6366307
6402666
6450197
6491252
6525949
6559903
6599105
6637664
6682404
6731128
6775201
6811437
6863902
6902893
6941340
6985491
7036085
7080965
7117387
7150706
7192825
7234242
7279013
7333550
7383614
7419081
7458636
7500589
7550929
7607158
7664602
7719244
7763864
7805537
7857987
7917523
7981179
8050344
8107891
8156114
8214509
8274864
8337640
8409341
8493088
8576818
8637625
8704423
8778055
8856413
8944934
