332865686
332865686
332865685
332865685
332865682
332865682
332865682
332865681
332865681
332865679
332865679
332865679
332865676
332865676
332865676
332865675
332865675
332865675
332865675
332865675
332865674
332865674
332865673
332865673
332865673
332865673
332865673
332865673
332865673
332865673
332865671
332865671
332865671
332865671
332865671
332865671
332865670
332865670
332865662
332865655
332865632
332865613
332865580
332865503
332865450
332865284
332865168
332865093
332864905
332864540
332864101
332863468
332862709
332862475
332861008
332859175
332856518
332852024
332845657
332839662
332830855
332819635
332809058
332797024
332779131
332760491
332740894
332721963
332699954
332673586
332647767
332617378
332585381
332552383
332524198
332494012
332462614
332430598
332395949
332362413
332333055
332306096
332280305
332251714
332221706
332190183
332157377
332129526
332103845
332075423
332049385
332020088
331986657
331953091
331921290
331894190
331871017
331846343
331818498
331788993
331754773
331726771
331702269
331678867
331654304
331629157
331601366
331574484
331549515
331530659
331511210
331488454
331467487
331440174
331414879
331390861
331372742
331350727
331329695
331306186
331280521
331257083
331235885
331215771
331197452
331177926
331159336
331136388
331112036
331088192
331069017
331051653
331030279
331010301
330988562
330963393
330941555
330923767
330906239
330887867
330867041
330843834
330818963
330793698
330774321
330754396
330730599
330704690
330676498
330645173
330612917
330586808
330556321
330520524
330486065
330445509
330400186
330357828
330318474
330277785
330231611
330180287
330125166
330072604
330026856
329976873
329932223
329872061
329812879
329749602
329681884
329621718
329562817
329503336
329436359
329368731
329291353
329219332
329156569
329095277
329033270
328968825
328897502
328828412
328755295
328688813
328633964
328577371
328511550
328440223
328372403
328305250
328247343
328200010
328155163
328097687
328044030
327984379
327926032
327870332
327824207
327774441
327727528
327670517
327618523
327553927
327506500
327465086
327429147
327383784
327336444
327292360
327244137
327199722
327165294
327127437
327089205
327044112
326998231
326952020
326905992
326870630
326836116
326793582
326752999
326709093
326658980
326614886
326583738
326559674
326532937
326499380
326463021
326415490
326374435
326339738
326305784
326266582
326228023
326183283
326134559
326090486
326054250
326001785
325962794
325924347
325880196
325829602
325784722
325748300
325714981
325672862
325631445
325586674
325532137
325482073
325446606
325407051
325365098
325314758
325258529
325201085
325146443
325101823
325060150
325007700
324948164
324884508
324815343
324757796
324709573
324651178
324590823
324528047
324456346
324372599
324288869
324228062
324161264
324087632
324009274
323920753
